0 0.082031 0.244814 0.009375 0.073079
0 0.155078 0.238331 0.008594 0.093116
0 0.174219 0.243046 0.009375 0.088402
0 0.193750 0.246582 0.010937 0.064828
0 0.212109 0.231259 0.008594 0.095474
0 0.246875 0.241278 0.006250 0.101367
0 0.081250 0.719826 0.010937 0.113154
0 0.098437 0.692126 0.010937 0.060113
0 0.116016 0.731612 0.010156 0.124941
0 0.153906 0.726308 0.009375 0.133192
0 0.189453 0.727487 0.008594 0.126120
0 0.447443 0.710378 0.008523 0.067864
0 0.467330 0.754311 0.009470 0.075722
0 0.483191 0.740024 0.007102 0.088580
0 0.502131 0.735024 0.008049 0.127156
0 0.374763 0.777171 0.005208 0.041433